Index. - S.

1111101. 53.
1111101 relicta. 66.
1113011111. 274. 275.
111111 (cancriceps) Paulus. 27. 197.
1111101111, (11110111) 11111. 21. 223.
1110111111 1111111. 211. 276. 278. 280.
receptio 111 fidem. 20.
Reginn. 1. 0.
Regim relicta Paulek. 69.
Regius 1111111 Wlkouch. 70.
11811111 mandentum. 216.
relicta Jakich. 363.
1111111 leonardi. 323.
1111111 Mathyas. 314. 329. 331344.
1111111 Maurice. 312. 313.
relicta Pauli. 361.
1111111 Res. 301.
1111111 5151111111. 32. 342.
Remph. 285. 322. 323. 324. 338. 353.
355. 359. 362.
1111111111 Gallicus. 225.
1111111111. 67. 73. 112. 113. 115.
1111111. 116. 126. 129. 130. 132.
136. 138142. 143. 144.
146. 149150. 152158.
203. 339. 341. 345. 349.
11111116111. 192. 205. 248.
1111111 41111011113. 5.10.12.16.
Renyz 19. 22. 27. 31. 3441. 45.
48. 50. 51. 56. 58. 60. 63.
76...8082 88. 899394.
99. 102. 105. 103. 109. 110.
114. 116118. 120. 122129.
134. 141. 149. 150. 160165.
173. 192. 196. 198. 207. 211.
215. 221. 227. 229. 255. 274.

283. 285. 344. 348. 352. 362.
Reniz Martinus. 21.

111111 111111111126.

renuntiare liti. 28.

Res. 122123. 126. 128.129.130.

11111. 132. 133156. 158. 160. 164.

1111166 167.169.170.189. 190.
204. 208. 222. 224. 225. 229.
232. 235. 238. 241. 243. 247.
250. 281. 292. 297. 303. 303.
320. 327. 351. 355. 362.

Res Anthonius. 206. 265.

1111 61111110. 129.

1111 1111111111. 153.

1111 steph-nus. 160. 162. 165173.

186. 191. 192. 193. 194. 195. 226.
1111111110. 48. 155.
11111 pretii. 23.

ribar:

ClemenS. 293.

Georgius 2. 5. 9. 11. 94.

Κ111.308. 325.

Nicolans. 322. vid. piscator.
1115111111 Nicolaus. 146. 182192.
Rygen. 306.

¹ Ryhtar (11111111)]1111. 39. 41.

11111111 Petrus. 163.

rivulus 11111111111111. 286.

robora 11111 puteum. 54.

11031111 Ste ρ.11111111 58. 61.

11010111, (6111111), 1110011111. 214.
3511352355.

Rom, 11111. 99.

1101111111». 9. 32. 34.

11011 1111111201.

11011111Α1111111.350.351.

11011111 1110111111 200.

1101111111. 227. 229. 295. 297. 816.

1101111011 1111111111. 356.

11115111 Petrus. 227.

s„

5111111111ιί relicte. 36. 40. 63. 90. 92.

144. 150. 178

sacerdotes:

Augustinus, medicus. 32. 33. 192.
242. 260. 216. 285. 289. 300. 302.
303. 304. 305. 306. 307. 316. 321.
322. 323. 325.

Β1111511. 2. 3. 5915. 32. 39. 61.
6674. 132. 135. 161. 174180.
182. 187. 194. 234. 242. 245.
250. 341.

Β111110101111111.60. 65. 191.

Β1111111.80.81.82. 339. 350.

Boleneg 125.

Demetrius. 127. 130.

1510111101. 81. 82

Βοω1111111 336.

Ες131111. 254. 255. 256. 258. 259.
261. 263. 264. 268. 269. 270. 364.

6101ς111.32. 108 109. 347. 348.

Gregorius. 222. 224.

1110511. 245. 312. 314.

1011111111. 228. 229.

Laurentius. 28. 29. 239. 241.

Lucae.

Lucum 26. 28. 3).

Martinus. 47 307.

{²3:¹⁸⁸ }18 191.

1111011111. 85 143. 145. 146. 149.
151. 152. 154. 295. 344.

Petrus. 65. 61. 68. 70. 72. 89. 221.
247. 274. 275. 295. 296. 322.

1111111111

911111. 30.

9111111111. 853. 354.

1111111101 1. Murci. ³0.
sucerdotis 81101511 1111111. 299.
11111111. 276. 278.

mitt-e 8⁸2.

11ςί11110. 118.

11111 emptio. 328.

 

