XXIV

Tati i ratbojnici.

——.——.-·-—. ———- ι

33 03133131; 1113133333 odrezali oba 333 1 31331311 331333331113
33313 3333331331 mu 3133, 133 33113 11 33 333313, 031331313 33;
111 31 tatu odsjekli 3033 111 31331333033 33113313 331133033 31303311
33 1130 33 331 3313333 1 3331331311 33033311 33 13 33313, 333313ῑὶ331
mu, uhvate li ga u gradu, 333113 13 33.

Razumieva se, ako je 333, 31131331 31133 133113, 333330 33331330
13 33313, tim je 310 0331133 33 3133313, 310 33 1313 333333.

'1 za tate 33 33310 3 3331133333 33303033113 111 1333333 (1310
13130 3133 3303333331), 33 130113 330133 3113331 3333 333330 111 od-
33330 uh0, 3313313333133331 3303133311 13 33313 1 3333133111 mu, 13
13 33 03133131, cim 33 333333.

Tata 333333311101333333 333 11131303333, 33 0313 33033333
13 33313, 310 31 3313111 u gradu, 3 3313333 su objesili.

Razbojstzro je bilo 301131330 111 13313 111 30113 13 3331313, 13
1033, 0303130 3330333, 0311333, 3 311333 3301330 3311303] 3 33313-
31333 031133133033 111 131 33 33313.

23313333 33133133 3333013333 330331313 33, 13 13 301133 1383.
313333113 1110313, 313 103333103, 33 33013133 133333 33 31333031
drumu po bielom danu 33330131111 03301333131133 33303333] 3130
1333 331130, 1013 33 303111 13 113333313; 331330 333133 033313
1331 33 33011311 31033331 33330131111 33330 1013, 33 10113 33 33333-
33111 3330331 10303111 30130, 13013 33 133111 u Optuju, 30 3331033
311333 01 13313 33303333 1 [31133333331011 im je u 30330133133130,
33 33011331 11311 333330 33131331, 33331331 1 333333110331331 u Ζ3-
3333, 3113 13 sud osudio 33 3131313.

Κ3333 33 3333013330 311333 33101133 3331113 333333131311 i
333331, 1 to: 3333313 33113, 333133313, 1330313 33313, 313033313,3
1311313 1 33133 33 31333113. Godine 1378. 30113113 su 3333013330
133 Κ333133, 11333 1 Grga; 30310 33 30 30113111 3331 put, nisu ih
osudili 33 smrt, 331 01331111, 13 33 Η3333 013333 13130 330,3
Grga 13 3303303133131 dva za 3313 zatvorena tata; 333133 13 33 333-
motno protjeraju‚ 3 333313 11 33 3 gradu, 031331313 13.

013131133 3 3333013333, 1313 muse 311310 3113 330310 133330
10133331, dase 0333313, 330330 13 33 tri, 3333 111 13333333 03033
3313311, 13 3113 3311310330 3 3333013333; 10133331 3313 10333 310113
3333013333, mosao 13 33313311 1033331 33313333 11311 1 3 1331333333-
toricom 3313311 33031 10333, da je razbojnik.

Kao 33 3333013113 3 0313 33 3331331313 0303130 3333 33 Niemce.

Orobljen 3333313103] 3333111333 mosao je 3331301013 to 10-
133331, 33301130 3130 33 13 010310 33313113013311; 1330 331010331,
1011 3130133311 33 33133] 3033330 33 303033 33111 novae (da 331333

 

