Irtulnntis agustinus. 252.
100 mulier. 20.
Isyp. 353.

1000.

10050010,

Ivech.

lvko.

lvsich.

Iwenin.

lwan 111. Andreee. 212.

Iwko 1113001. 239. 244.
100000 fil. Berizlai. 51.

Im fil. Cemech. 239.

Iwchech fii. Dragchyn. 237. 240.
1000 fil. Diagonyn. 228.
1000051. Iwm 231239. 244. 249.
Iwan fil. Iwankus. 237.

Iwnn fil. 10001101. 76.

Iwchech fil. Lepet. 350. 351.
Iwen fil. 1110001332.

Iwen 111. Mathe. 162. 165. 197. 201
10000061. 17100101. 1. 180. 204.
1000 fil. 0500010010. 9.

1000 fil. Pauli. 205. 204.
100001. 1101000143 57.

1000 fil. Radhen. 331.

Inuus fil. Thone. 17.

10000 611171100101. 214.

100000 10100. 52

ivan proximus 8005001169.
1000 jobagio. 88. 235. 239. 241.
iwanus de Lonin. 80. 31. 146.
Iwech de 0. Symone. 343.
{iiiii i 33 33 33 33·
lma.

100010.

10001050 ⁸¹ ⁰⁸

1000100.

100010 fil. 1000, 241.

1000500 archidiac. de Guerehe. 139.
1000500411. Gyungek. 305. 306.
1000500 fil. Iwan. 162.

1000500 fii. 100051. 23.

1000500 fii. Murci. 37. 38. 40.

100050000010110. 186.

1000500 1000100. 31.

1000001100. 71. 90. 106. 110. 162.

1010001100 163. 269. 273. 350.

1010001100 Kytini. 281.

103000. 26.

10000101.

Jeketieh 1000500. 65. 104. 200.

1000011010 203.

1010101175.

Jaklyn. 66. 81. 32. 83. 124.127.128.
129. 133. 166. 171. 174. 175. 177.
198. 241. 243. 245. 256. 257. 259.
166121. 263. 265. 310. 353. 354. 360.

10100111.

10100111. Wln. 331.

101000 26. 48. 82. 83.

10100. 227.

101000 133.

101010 mulier. 295.

101101. 196.

10005005. 1. 4. 5. 13. 26. 28. 38. 41.
42. 65. 69. 78. 33. 143. 146. 172.
197. 213. 225. 237. 245. 254. 266.
339. 852. 353.

10005005 0οριο (10 Μοῐοοε50. 137.

1000500100 mulier. 242. 246.

1000110100. 38. 39. 42. 45. 47. 63. 85.
109. 145. 148. 344.

100000 fractio. 106.

10000 vina. 197.

1000. 350.

10ιο Stephanus. 3.

1000050010, iocus. 21.

1001005001οΡ01000. 360.

Jelchyn Iwan. 276.

10110142. 144. 146. 149. 150. 329.

1036020οἱ05 Merene. 163.

jobegionee civit. 1199
› de Medue. ⁸

jobagionee eommunis. 232.

1050110000 (10 Nova 01110. 103.
1050310000 (10 11000050. 1 309·

2 0 Petronius.
155ψο01000 Eiye. 237.

1000101000οι
Demetrius. 111. 207. 214.
nicolaus. 2. 5.
..163112 34330( 168„
111311111236. 245. 262. 278. 279.
10500000 11050000 286.
10500000 110ος0ῐο0. 168.
10500000 Teutonicus. 239.
10500000000513. de Vrbouch 293.
10500000 ir. custodis. 174. 177.
101ῧο00 0οροο custodie. 175. 224. 226.
10500000 familiaris archiepiscopi. 101.
10500000 villicus. 305.
10500000 pellifex. 143.
10500000 privignus Myreni. 107.
johannes 1001110010. 139.
10500000 1050010. 168174.
10100000 famulus. 203.
10500000 (10 Cheh. 178.
10500000 (10 00010005. 23.
10100000 (10 1100000100. 174.
10500000 (10 Ρο000000. 306.
10500000 de 80110000. 289.
10500000 (10 vgrouch. 50.
1010000051. Anthonii. 236.
10500000 fii. Benedicti. 58. 61. 63.

 

